255
216
255
224
0
16
74
70
73
70
0
1
1
0
0
72
0
72
0
0
255
225
0
88
69
120
105
102
0
0
77
77
0
42
0
0
0
8
0
2
1
18
0
3
0
0
0
1
0
1
0
0
135
105
0
4
0
0
0
1
0
0
0
38
0
0
0
0
0
3
160
1
0
3
0
0
0
1
0
1
0
0
160
2
0
4
0
0
0
1
0
0
1
119
160
3
0
4
0
0
0
1
0
0
1
119
0
0
0
0
255
237
0
56
80
104
111
116
111
115
104
111
112
32
51
46
48
0
56
66
73
77
4
4
0
0
0
0
0
0
56
66
73
77
4
37
0
0
0
0
0
16
212
29
140
217
143
0
178
4
233
128
9
152
236
248
66
126
255
192
0
17
8
1
119
1
119
3
1
34
0
2
17
1
3
17
1
255
196
0
31
0
0
1
5
1
1
1
1
1
1
0
0
0
0
0
0
0
0
1
2
3
4
5
6
7
8
9
10
11
255
196
0
181
16
0
2
1
3
3
2
4
3
5
5
4
4
0
0
1
125
1
2
3
0
4
17
5
18
33
49
65
6
19
81
97
7
34
113
20
50
129
145
161
8
35
66
177
193
21
82
209
240
36
51
98
114
130
9
10
22
23
24
25
26
37
38
39
40
41
42
52
53
54
55
56
57
58
67
68
69
70
71
72
73
74
83
84
85
86
87
88
89
90
99
100
101
102
103
104
105
106
115
116
117
118
119
120
121
122
131
132
133
134
135
136
137
138
146
147
148
149
150
151
152
153
154
162
163
164
165
166
167
168
169
170
178
179
180
181
182
183
184
185
186
194
195
196
197
198
199
200
201
202
210
211
212
213
214
215
216
217
218
225
226
227
228
229
230
231
232
233
234
241
242
243
244
245
246
247
248
249
250
255
196
0
31
1
0
3
1
1
1
1
1
1
1
1
1
0
0
0
0
0
0
1
2
3
4
5
6
7
8
9
10
11
255
196
0
181
17
0
2
1
2
4
4
3
4
7
5
4
4
0
1
2
119
0
1
2
3
17
4
5
33
49
6
18
65
81
7
97
113
19
34
50
129
8
20
66
145
161
177
193
9
35
51
82
240
21
98
114
209
10
22
36
52
225
37
241
23
24
25
26
38
39
40
41
42
53
54
55
56
57
58
67
68
69
70
71
72
73
74
83
84
85
86
87
88
89
90
99
100
101
102
103
104
105
106
115
116
117
118
119
120
121
122
130
131
132
133
134
135
136
137
138
146
147
148
149
150
151
152
153
154
162
163
164
165
166
167
168
169
170
178
179
180
181
182
183
184
185
186
194
195
196
197
198
199
200
201
202
210
211
212
213
214
215
216
217
218
226
227
228
229
230
231
232
233
234
242
243
244
245
246
247
248
249
250
255
219
0
67
0
9
9
9
9
9
9
16
9
9
16
22
16
16
16
22
30
22
22
22
22
30
38
30
30
30
30
30
38
46
38
38
38
38
38
38
46
46
46
46
46
46
46
46
55
55
55
55
55
55
64
64
64
64
64
72
72
72
72
72
72
72
72
72
72
255
219
0
67
1
11
12
12
18
17
18
31
17
17
31
75
51
42
51
75
75
75
75
75
75
75
75
75
75
75
75
75
75
75
75
75
75
75
75
75
75
75
75
75
75
75
75
75
75
75
75
75
75
75
75
75
75
75
75
75
75
75
75
75
75
75
75
75
75
255
221
0
4
0
24
255
218
0
12
3
1
0
2
17
3
17
0
63
0
247
26
40
162
128
10
40
162
128
10
40
162
128
10
40
162
128
10
40
162
128
10
40
162
128
10
40
162
128
10
40
162
128
10
40
162
128
10
40
162
128
10
40
166
177
192
205
0
45
45
82
105
200
56
164
251
65
165
114
253
155
46
210
213
52
156
147
86
193
205
9
137
198
194
209
69
20
201
10
40
162
128
10
40
162
128
10
40
162
128
10
40
162
128
10
40
162
128
10
40
162
128
10
40
162
128
10
40
162
128
10
40
162
128
10
40
162
128
63
255
208
247
26
40
162
128
10
40
162
128
10
40
162
128
10
40
162
128
10
40
162
128
10
40
162
128
10
40
162
128
10
40
162
128
10
40
162
128
10
40
164
200
160
4
44
5
65
44
170
20
243
218
162
184
112
59
214
69
220
195
203
108
30
198
162
82
177
209
78
151
51
66
203
121
24
114
51
250
138
143
237
177
255
0
123
245
21
195
93
220
55
156
216
245
170
194
225
171
145
214
61
152
224
83
91
158
147
13
218
51
96
31
212
86
210
72
8
175
44
177
184
111
52
100
246
174
238
9
70
222
181
181
58
151
56
113
88
110
70
110
131
154
117
84
129
129
29
106
214
69
110
143
58
74
204
90
40
162
153
33
69
20
80
1
69
20
80
1
69
20
80
1
69
20
80
1
69
20
80
1
69
20
80
1
69
20
80
1
69
20
80
1
69
20
80
7
255
209
247
26
40
162
128
10
40
162
128
10
40
162
128
10
40
162
128
10
40
162
128
10
40
162
128
10
40
162
128
10
40
162
128
10
40
166
51
1
64
10
199
2
169
60
228
102
166
146
101
2
176
39
190
141
73
4
254
149
18
149
142
138
84
220
186
21
245
45
65
226
233
158
213
205
77
170
200
234
84
230
165
213
110
18
78
135
210
185
178
107
138
164
221
207
127
13
135
143
42
109
15
150
66
238
88
247
168
247
83
104
174
123
158
138
69
152
38
49
182
69
111
69
171
72
48
57
253
43
153
21
42
28
48
170
140
154
216
198
165
24
203
116
122
70
157
124
210
166
79
165
110
199
49
99
138
224
244
187
164
141
48
79
111
74
233
173
175
99
119
0
30
254
149
221
78
122
30
6
38
133
164
236
142
132
28
138
90
174
146
130
42
96
217
174
131
205
106
195
168
162
146
129
11
69
64
211
42
156
85
105
111
163
140
100
159
210
149
202
81
111
99
66
138
196
254
217
183
31
197
250
82
127
108
219
255
0
123
244
165
204
139
246
51
236
110
81
88
159
219
54
255
0
222
253
40
26
204
4
253
239
210
142
100
30
198
125
141
186
43
45
117
40
143
127
210
172
197
114
146
244
52
238
137
112
107
114
221
20
148
180
200
10
40
162
128
10
40
162
128
10
40
162
128
63
255
210
247
26
40
162
128
10
40
162
128
10
40
162
128
10
40
162
128
10
40
162
128
10
40
162
128
10
40
162
128
10
40
166
147
129
64
11
154
167
112
224
10
108
147
17
154
231
181
59
231
140
113
235
233
237
89
206
118
71
77
26
46
82
178
46
92
74
54
215
5
121
59
121
135
30
166
173
73
170
74
220
103
244
172
89
100
46
217
53
197
82
165
246
61
236
46
25
195
113
29
203
117
168
168
165
3
38
176
61
29
144
148
85
165
140
17
78
242
133
95
179
102
15
17
18
157
25
171
45
24
2
171
26
151
27
26
66
162
150
196
233
35
40
226
182
52
217
155
206
92
250
214
8
56
171
54
243
180
78
8
236
105
198
86
100
213
167
205
22
143
78
130
81
180
125
43
86
6
5
107
205
98
213
101
28
103
244
174
179
78
188
121
35
201
247
237
93
208
168
153
224
98
48
178
138
185
211
230
145
186
85
72
229
36
213
163
247
107
123
158
107
141
140
27
183
33
235
149
213
166
117
132
145
234
43
168
188
251
245
200
235
31
234
79
212
86
21
54
61
44
50
213
28
123
221
73
187
255
0
175
76
251
92
159
228
212
15
247
169
181
197
115
220
81
69
159
181
73
254
77
73
29
212
155
191
250
245
74
164
143
239
81
112
113
71
89
4
238
64
174
183
70
145
153
142
125
7
243
174
46
223
160
174
195
68
251
199
232
63
157
117
83
220
242
113
41
114
179
178
94
148
234
106
244
167
87
89
226
133
20
81
64
5
20
81
64
5
20
81
64
31
255
211
247
26
40
162
128
10
40
162
128
10
40
162
128
10
40
162
128
10
40
162
128
10
40
162
128
10
40
164
200
160
6
179
5
235
80
60
234
7
90
101
195
128
43
38
121
134
222
181
18
149
141
233
211
185
5
198
161
10
146
11
15
206
185
157
78
238
57
70
20
131
201
254
85
66
254
103
243
14
15
165
101
188
140
221
77
112
206
171
122
31
65
135
194
40
218
66
49
201
166
81
69
96
122
59
10
20
154
153
35
108
211
162
90
182
170
50
43
104
66
231
21
124
67
141
208
34
28
83
246
26
178
160
98
157
138
238
84
149
143
159
150
50
87
101
7
67
138
162
209
181
109
58
140
85
54
81
88
85
164
122
24
60
91
104
205
42
69
2
166
148
115
80
87
28
149
153
237
194
92
202
228
200
192
26
234
180
235
216
163
143
5
128
235
92
126
106
116
145
212
112
106
161
43
51
42
212
84
213
153
233
150
183
241
59
96
48
173
175
57
74
245
175
51
211
38
111
52
100
250
127
58
237
82
97
182
187
105
212
186
60
44
78
25
70
86
68
119
76
11
87
39
172
127
169
63
81
93
44
172
9
174
107
88
63
185
63
81
74
123
21
135
86
146
56
87
251
212
218
115
253
234
109
113
158
226
10
146
63
189
81
212
145
253
234
16
153
210
219
244
21
216
104
159
120
253
7
243
174
62
223
160
174
195
68
251
199
232
63
157
117
83
220
242
113
63
11
59
37
233
78
166
175
74
117
117
158
32
81
69
20
0
81
69
20
0
81
69
20
1
255
212
247
26
40
162
128
10
40
162
128
10
40
162
128
10
40
162
128
10
40
162
128
10
40
166
59
133
25
52
0
167
129
84
164
148
134
52
249
46
84
14
245
207
93
106
145
36
132
28
240
107
57
73
35
166
149
41
73
232
134
106
151
143
26
100
30
213
202
73
169
200
73
25
253
77
91
212
111
227
153
48
185
233
92
219
28
146
107
138
164
245
208
247
176
184
116
163
239
33
242
202
100
108
154
134
138
114
169
106
195
115
208
210
40
65
214
173
44
96
138
141
98
106
188
145
156
86
212
224
217
195
137
196
70
61
66
40
197
90
8
41
35
66
42
194
169
205
119
194
9
35
231
113
21
219
150
140
2
241
75
182
167
17
18
41
222
75
86
167
25
81
150
160
49
138
208
104
136
21
88
169
164
210
101
198
110
59
25
178
198
51
85
93
0
21
169
34
18
106
172
145
28
26
227
169
79
125
15
115
11
137
209
38
204
195
75
154
148
196
213
19
41
21
198
211
71
185
25
198
91
22
96
157
163
108
138
212
77
78
94
153
253
77
97
3
82
43
0
105
169
52
68
233
70
91
163
174
130
225
164
92
154
203
213
88
152
143
225
76
183
187
68
92
28
213
91
251
149
146
60
12
246
173
249
180
56
21
22
167
177
204
191
222
166
211
220
115
76
172
14
224
169
35
251
213
29
73
31
222
166
132
206
150
223
160
174
195
68
251
199
232
63
157
113
246
253
5
118
26
39
222
63
65
252
235
170
158
231
147
137
248
89
217
47
74
117
53
122
83
171
172
241
2
138
40
160
2
138
40
160
2
138
40
160
15
255
213
247
26
40
162
128
10
40
162
128
10
40
162
128
10
40
162
128
10
40
164
61
40
1
50
5
85
185
144
5
252
106
57
100
96
120
53
133
170
93
73
28
89
4
245
172
229
43
35
166
149
23
41
36
79
60
235
180
242
58
87
17
168
202
76
205
143
83
68
154
140
196
227
113
252
235
50
89
90
70
36
156
230
184
170
84
185
239
225
176
206
14
236
141
152
154
101
20
10
192
244
54
12
26
179
18
211
145
1
29
42
212
81
143
74
222
157
59
179
207
196
226
82
139
17
86
174
40
226
144
32
169
213
69
119
66
22
62
119
17
95
159
96
81
83
162
243
79
137
1
171
66
49
233
90
156
182
21
7
20
252
10
80
49
75
65
68
50
14
42
131
45
105
145
154
136
198
61
40
19
70
91
10
134
65
197
95
149
0
53
89
148
98
147
87
67
132
185
101
115
53
150
169
202
188
214
185
65
85
37
140
103
165
113
212
164
236
123
152
92
90
230
177
153
138
42
203
160
2
171
87
28
163
99
219
167
62
101
113
193
141
69
41
36
83
233
172
51
74
229
180
80
34
163
35
154
188
80
85
103
80
13
52
200
104
134
164
143
239
83
8
167
199
247
170
145
12
233
109
250
10
236
52
79
188
126
131
249
215
31
111
208
87
97
162
125
227
244
31
206
186
169
238
121
24
159
133
157
146
244
167
83
87
165
58
186
207
16
40
162
138
0
40
162
138
0
40
162
138
0
255
214
247
26
40
162
128
10
40
162
128
10
40
162
128
10
40
166
146
5
0
35
54
209
154
170
247
32
10
124
242
0
134
177
102
157
112
106
37
43
27
211
167
114
157
230
168
145
185
7
21
207
223
234
41
60
123
70
58
213
77
78
66
101
56
62
191
206
177
139
18
57
53
195
58
143
99
232
112
248
88
164
164
12
217
52
202
40
197
96
122
27
14
85
221
83
44
70
136
151
154
184
171
91
66
23
56
107
215
113
118
66
164
71
21
102
52
34
149
7
21
58
138
239
132
18
62
110
182
34
82
109
48
11
86
150
34
106
53
90
188
152
197
106
114
161
136
155
106
82
216
25
166
151
85
168
100
149
112
106
148
68
221
128
220
0
113
73
246
145
89
146
74
55
26
103
152
43
165
82
71
51
172
205
133
184
12
113
83
231
34
177
98
148
110
173
69
149
113
89
78
22
216
214
157
75
238
14
155
141
87
120
136
21
116
48
106
108
152
193
172
172
106
101
149
170
239
25
38
175
50
212
44
42
101
27
151
10
142
14
232
205
146
35
138
166
98
53
175
32
226
169
178
215
29
90
106
231
183
132
197
75
151
83
57
151
6
155
83
72
57
168
177
92
109
89
158
228
37
117
113
164
85
118
140
147
86
105
41
20
209
69
211
2
146
49
243
85
153
7
21
20
99
230
170
70
114
71
65
111
208
87
97
162
125
227
244
31
206
184
248
58
10
236
52
79
188
126
131
249
215
85
61
207
27
19
240
179
178
94
148
234
106
244
167
87
97
226
5
20
81
64
5
20
81
64
5
20
81
64
31
255
215
247
26
40
162
128
10
40
162
128
10
40
166
51
109
25
160
7
19
84
38
147
13
214
156
247
0
10
231
47
181
53
141
241
131
219
210
179
156
210
71
85
26
50
147
178
38
212
46
25
97
98
15
99
92
92
215
210
111
35
63
165
95
187
212
214
88
202
243
200
246
174
117
223
115
19
92
85
103
119
161
238
225
112
252
171
222
66
203
43
57
201
168
104
52
229
92
154
195
115
208
210
40
104
235
86
209
1
2
152
177
85
216
226
224
86
244
233
182
112
98
113
17
75
112
137
6
106
208
65
72
145
224
213
128
181
221
8
89
31
59
136
172
229
43
166
10
181
106
37
205
11
22
106
196
113
237
173
78
81
118
10
105
56
169
92
224
86
76
183
97
73
21
172
34
222
196
84
146
137
5
244
236
157
15
165
98
181
220
158
191
165
90
187
155
204
172
205
185
53
233
82
166
173
169
229
85
170
249
180
99
141
195
147
214
147
207
111
90
79
42
143
42
182
228
49
231
99
214
225
193
235
86
22
237
243
215
244
170
158
86
40
3
6
147
130
26
168
206
162
198
98
235
201
173
94
181
205
90
78
35
92
86
188
55
65
216
10
243
170
211
119
103
167
70
170
178
69
226
131
21
82
85
193
171
235
200
168
94
60
154
228
58
204
214
92
212
37
5
104
60
88
21
84
173
38
147
26
147
91
25
178
32
205
85
145
112
43
77
227
201
170
210
197
197
113
212
166
123
152
108
82
209
54
102
26
74
176
98
168
88
96
226
184
220
90
61
184
84
82
216
140
140
208
168
51
78
165
28
82
69
180
105
68
113
138
235
180
51
243
31
160
254
117
197
36
152
197
117
154
36
192
49
250
15
231
93
84
229
169
228
226
233
190
70
119
203
210
157
84
227
156
16
5
90
83
145
93
169
159
62
226
208
234
40
162
153
33
69
20
80
1
69
20
80
7
255
208
247
26
40
162
128
10
40
164
61
40
1
9
2
171
205
32
11
80
206
248
61
107
26
250
114
35
56
62
149
18
149
142
138
116
185
154
36
154
225
107
140
213
36
204
167
30
213
86
107
201
55
117
63
157
80
146
86
115
147
92
53
42
95
67
232
48
248
94
71
113
165
137
168
232
162
176
61
13
133
193
169
162
94
106
72
215
34
173
68
131
53
180
41
221
156
24
140
79
44
90
17
86
173
160
226
148
40
169
149
120
174
248
67
148
249
202
248
142
125
1
69
76
170
106
72
151
38
173
132
21
169
202
144
145
142
42
81
64
24
165
160
162
41
126
237
114
247
25
222
107
169
147
165
115
115
143
152
215
102
24
226
197
25
146
84
64
85
183
21
22
43
211
138
208
242
166
245
16
116
165
165
162
172
204
105
168
177
83
226
147
20
13
11
30
113
90
118
153
243
7
214
169
32
226
180
45
71
206
62
181
201
87
102
118
81
221
29
2
125
218
113
166
167
221
167
215
146
207
97
108
87
148
113
84
138
154
212
35
53
25
65
138
64
209
146
194
171
200
56
173
25
87
6
171
50
210
146
186
28
37
203
43
153
140
181
74
69
249
141
109
50
10
167
34
13
198
184
234
210
61
204
38
50
236
204
197
21
102
69
192
170
213
199
37
99
219
167
62
101
114
64
121
21
209
233
18
5
99
159
65
252
235
152
205
79
20
205
31
74
168
202
204
154
212
249
227
99
211
225
184
82
64
247
173
168
156
21
21
229
86
151
146
25
20
100
245
245
174
230
210
98
99
92
158
213
219
78
165
207
3
21
133
228
58
16
115
78
170
80
62
123
213
202
221
51
205
146
176
180
81
69
50
66
138
40
160
15
255
209
247
26
40
166
150
3
173
0
12
112
42
147
220
96
26
150
89
84
41
228
86
20
215
113
224
252
195
243
168
148
172
116
82
167
205
208
171
168
106
94
83
227
223
210
185
251
141
83
204
82
63
165
71
170
204
30
76
169
239
253
43
0
147
92
53
42
59
158
254
31
13
30
84
218
28
239
184
230
162
52
82
128
77
96
122
58
32
81
147
86
22
42
100
106
119
85
229
83
138
218
16
185
195
136
175
202
244
98
199
23
21
101
35
193
165
140
113
83
170
156
215
124
32
146
62
114
190
34
77
180
1
106
210
69
145
76
84
53
118
49
192
173
78
68
53
35
197
79
138
41
104
40
41
105
41
104
2
55
25
21
139
44
57
106
219
106
160
232
73
233
93
20
101
99
158
180
110
97
78
155
106
173
106
93
33
244
172
226
140
43
213
165
43
163
199
171
27
72
101
20
98
138
212
196
40
20
160
19
79
8
217
233
67
99
72
179
4
91
133
105
65
14
215
7
222
160
181
67
183
165
105
198
164
26
243
171
79
86
143
74
132
52
76
182
156
10
125
53
122
83
171
207
103
164
132
164
34
150
138
67
43
60
121
53
93
226
192
173
10
130
81
145
64
154
51
10
213
118
143
38
175
148
53
3
41
205
39
20
247
42
21
28
54
51
101
139
138
168
98
173
89
23
138
170
202
107
142
173
53
115
219
194
98
95
46
172
205
35
6
144
84
142
167
52
194
8
174
54
172
123
145
146
104
158
25
54
56
111
67
93
20
26
182
197
11
237
233
92
168
169
1
57
28
211
140
218
216
206
173
24
207
115
210
52
237
71
205
253
123
86
250
79
156
87
159
105
51
170
125
226
59
215
87
13
220
100
129
184
87
117
57
221
106
120
56
154
22
147
178
58
0
115
78
168
18
85
35
173
74
24
26
232
60
198
135
81
69
20
8
255
210
247
10
163
112
229
79
90
186
122
87
57
170
221
152
88
1
233
81
55
100
109
70
14
82
178
27
119
51
4
56
62
191
202
184
75
139
185
119
99
113
173
123
141
68
186
145
197
115
50
190
227
92
53
103
125
143
161
194
80
229
90
160
146
86
115
150
57
168
104
38
149
70
77
97
185
232
232
144
149
106
53
4
82
8
170
228
81
113
91
211
166
219
60
252
78
38
42
34
70
131
53
113
84
98
154
177
224
213
133
90
238
167
11
110
124
246
38
183
59
209
130
173
89
137
65
52
228
139
34
167
72
240
107
83
144
120
65
82
1
138
49
75
65
65
69
45
20
0
81
69
20
0
134
152
80
83
232
166
43
25
183
17
175
165
103
188
99
7
138
219
146
61
213
3
91
2
43
174
157
84
150
167
37
74
45
189
14
105
215
147
77
218
107
124
216
2
115
205
55
251
60
123
215
90
196
196
226
120
89
152
209
174
77
104
172
99
210
173
45
136
6
172
139
112
43
42
149
211
216
218
158
30
75
113
45
209
113
210
174
5
2
152
137
180
84
181
195
57
93
157
240
141
144
82
210
82
214
102
129
73
75
69
0
37
52
128
105
244
148
1
11
32
197
82
145
126
99
90
68
85
118
139
39
52
9
153
172
162
161
101
24
173
9
35
192
170
204
180
154
8
201
166
101
58
12
213
105
23
21
168
209
85
89
98
174
58
148
157
143
123
13
138
141
210
185
155
70
106
195
71
138
128
140
26
227
113
177
237
66
162
150
196
209
204
233
247
73
21
169
103
119
41
144
101
143
111
231
88
153
171
54
242
108
96
105
197
147
82
154
107
99
211
109
230
37
122
214
181
187
110
6
184
72
117
34
56
226
186
157
46
228
204
164
253
43
190
156
211
62
119
17
65
197
54
205
218
41
40
173
207
56
255
211
246
243
210
185
77
102
221
228
97
183
210
186
202
171
52
97
143
53
19
141
213
141
232
84
228
149
207
51
154
202
85
4
159
231
88
175
27
3
138
245
27
200
71
150
113
239
252
171
129
158
51
191
165
112
212
167
99
232
48
184
158
117
169
154
176
59
116
169
22
221
193
230
182
173
162
37
121
21
105
226
192
233
74
52
238
93
108
77
147
49
4
100
85
168
215
2
165
43
205
72
162
187
225
78
199
205
214
196
57
232
34
169
205
78
35
52
177
143
152
85
229
81
138
212
229
72
100
107
129
83
80
5
45
5
5
20
82
208
1
69
20
80
1
69
20
80
2
81
69
25
20
0
81
70
69
25
20
0
96
81
129
70
69
25
20
0
96
81
70
69
25
20
0
81
70
69
25
160
2
150
146
150
128
10
40
162
128
10
74
90
40
1
41
41
104
160
10
210
169
34
170
152
205
105
17
154
141
148
98
129
52
100
178
213
105
84
154
208
113
205
66
194
148
149
213
138
167
62
71
115
49
163
38
171
53
187
147
154
217
85
201
171
107
22
71
74
227
171
72
247
48
120
182
206
93
161
101
235
78
138
38
45
129
91
55
49
31
74
109
156
71
204
25
29
255
0
173
114
242
234
122
190
219
221
185
44
86
83
28
31
235
93
134
143
11
198
172
27
218
173
91
194
187
107
70
36
11
210
187
105
211
179
185
224
226
49
78
105
196
158
138
90
43
160
243
79
255
212
247
26
99
46
105
244
80
5
57
160
14
164
26
193
125
30
54
108
241
249
26
234
77
69
180
212
74
9
238
111
78
180
163
179
48
162
210
99
81
219
242
52
219
171
4
68
39
138
232
148
98
170
94
140
198
127
10
20
16
78
188
222
236
224
100
64
27
21
44
113
130
42
73
99
59
234
88
212
129
90
156
130
44
96
26
156
14
40
165
160
160
165
162
138
0
40
162
138
0
40
162
138
0
40
162
138
0
105
53
92
200
69
78
231
2
179
36
153
65
235
89
84
159
41
181
40
115
22
12
196
83
124
243
84
30
229
7
113
80
253
173
61
69
114
58
233
117
58
227
135
111
161
171
231
154
60
243
89
95
107
79
81
71
218
211
212
82
250
194
238
87
213
159
99
87
207
52
121
230
178
190
214
158
162
143
181
167
168
163
235
11
184
125
89
246
54
4
164
212
170
228
154
201
75
148
35
168
171
113
74
165
128
6
182
133
84
250
152
78
139
93
13
33
75
77
94
69
58
186
206
48
162
138
40
0
162
138
40
0
162
138
40
1
41
8
200
167
82
80
5
102
136
26
175
36
96
86
133
87
149
73
160
77
21
160
140
51
129
239
93
52
26
114
58
3
199
74
195
181
140
137
7
214
187
91
81
136
199
210
166
81
76
210
156
220
118
49
37
210
99
111
79
200
211
97
210
99
70
4
99
245
174
141
134
105
2
154
207
217
163
167
235
51
181
174
71
28
65
70
42
112
49
74
41
106
236
115
55
112
162
138
41
136
255
213
247
26
40
162
128
10
74
90
40
1
42
173
215
220
63
133
91
170
151
95
112
254
20
1
202
72
6
234
104
21
36
159
122
153
84
72
81
75
69
0
20
81
69
0
20
81
69
0
20
81
69
0
20
81
69
0
69
39
74
231
39
39
113
174
146
65
197
98
75
24
45
92
24
205
145
232
96
247
102
36
204
213
83
115
86
196
176
41
170
255
0
103
90
240
234
55
115
221
166
213
140
253
205
70
230
173
15
179
173
31
103
90
206
236
210
232
207
220
212
6
106
208
251
58
208
45
214
139
176
186
27
11
54
43
82
212
157
227
235
85
226
133
64
173
11
120
192
113
245
175
71
14
245
71
157
136
106
204
215
79
187
82
83
19
165
62
189
213
177
224
61
194
138
40
166
32
162
138
40
0
162
138
40
0
164
165
162
128
18
144
138
90
40
2
91
112
55
143
173
117
86
255
0
234
199
210
185
123
127
190
62
181
212
193
254
172
125
41
49
162
106
41
104
164
48
162
138
40
0
162
138
40
3
255
214
247
26
40
162
128
10
40
162
128
10
169
117
247
15
225
86
234
165
215
220
63
133
0
114
242
125
234
101
62
79
189
76
170
36
40
162
138
0
40
162
138
0
40
162
138
0
40
162
138
0
40
162
138
0
99
244
172
153
58
214
179
244
172
153
58
215
6
51
100
119
97
55
101
73
42
26
154
74
134
188
42
155
158
221
61
130
138
40
172
205
2
138
40
160
11
17
244
171
144
253
225
84
227
233
87
33
251
194
189
28
62
232
243
241
27
51
77
122
83
233
139
210
159
94
242
216
240
222
225
69
20
83
16
81
69
20
0
81
69
20
0
81
69
20
0
81
69
20
1
52
31
124
125
107
169
131
238
15
165
114
208
125
241
245
174
166
15
184
62
148
152
209
61
20
81
72
97
69
20
80
1
69
20
80
7
255
215
247
26
40
162
128
10
40
162
128
10
169
117
247
15
225
86
234
165
215
220
63
133
0
114
242
125
234
101
62
79
189
76
170
36
40
162
138
0
40
162
138
0
40
162
138
0
40
162
138
0
40
162
138
0
99
244
172
153
58
214
179
214
76
157
107
131
25
178
59
176
155
178
164
149
13
77
37
67
94
21
77
207
110
158
193
69
20
98
178
52
10
41
193
73
169
4
70
151
50
66
108
116
125
42
228
63
120
85
101
82
181
102
31
188
43
210
195
61
81
193
95
102
105
175
74
125
49
122
83
235
223
91
30
27
220
40
162
138
98
10
40
162
128
10
40
162
128
10
40
162
128
10
40
162
128
38
131
239
143
173
117
48
125
193
244
174
90
15
190
62
181
212
193
254
172
125
41
49
162
122
40
162
144
194
138
40
160
2
138
40
160
15
255
208
247
26
40
162
128
10
40
162
128
10
169
117
247
15
225
86
234
165
215
220
63
133
0
114
242
125
234
101
62
79
189
76
170
36
40
162
138
0
40
162
138
0
40
162
138
0
40
162
138
0
40
162
138
0
99
244
172
153
58
214
179
244
172
153
58
215
6
51
100
119
97
55
101
73
42
26
154
74
134
188
42
155
158
221
61
130
156
41
180
153
53
147
52
44
38
51
86
198
49
89
202
199
53
100
57
174
121
238
101
36
76
213
36
63
120
84
0
147
83
195
247
133
122
248
78
135
29
109
153
166
189
41
244
197
233
79
175
161
91
30
35
220
40
162
138
98
10
40
162
128
10
40
162
128
10
40
162
128
10
40
162
128
38
131
239
143
173
117
48
125
193
244
174
90
15
190
62
181
212
193
247
7
210
147
26
39
162
138
41
12
40
162
138
0
40
162
138
0
255
209
247
26
40
162
128
10
40
162
128
10
169
117
247
15
225
86
234
165
215
220
63
133
0
114
242
125
234
101
62
79
189
76
170
36
40
162
138
0
40
162
138
0
40
162
138
0
40
162
138
0
40
162
138
0
99
214
76
157
107
89
250
86
76
157
107
131
25
178
59
176
155
178
164
149
13
77
37
67
94
21
77
207
110
158
193
77
52
234
74
200
208
64
113
82
9
5
68
105
156
230
165
193
48
181
203
232
217
21
110
31
188
42
140
61
42
244
63
120
87
167
134
86
177
231
215
217
154
107
210
159
76
94
148
250
247
214
199
134
247
10
40
162
152
130
138
40
160
2
138
40
160
2
138
40
160
2
138
40
160
9
160
251
227
235
93
76
31
234
199
210
185
104
62
248
250
215
83
7
220
31
74
76
104
158
138
40
164
48
162
138
40
0
162
138
40
3
255
210
247
26
40
162
128
10
40
162
128
10
169
117
247
15
225
86
234
165
215
220
63
133
0
114
242
125
234
101
62
79
189
76
170
36
40
162
138
0
40
162
138
0
40
162
138
0
40
162
138
0
40
162
138
0
99
244
172
153
58
214
179
214
76
157
107
131
25
178
59
176
155
178
164
149
13
77
37
67
94
21
77
207
110
158
193
73
75
69
102
104
38
40
197
45
20
1
60
99
138
187
15
222
21
78
62
149
114
31
188
43
209
195
238
143
63
17
179
52
215
165
62
152
189
41
245
239
45
143
13
238
20
81
69
49
5
20
81
64
5
20
81
64
5
20
81
64
5
20
81
64
19
65
247
199
214
186
152
62
224
250
87
45
7
223
31
90
234
96
255
0
86
62
148
152
209
61
20
81
72
97
69
20
80
1
69
20
80
7
255
211
247
26
40
162
128
10
40
162
128
10
173
112
164
161
197
89
164
32
30
13
0
114
146
64
228
244
53
31
144
254
134
186
147
2
30
194
143
179
199
232
41
220
86
57
111
33
253
13
30
67
250
26
234
126
207
31
160
163
236
233
232
40
184
88
229
188
135
244
52
121
15
232
107
169
251
60
126
130
143
179
199
232
40
184
88
229
188
135
244
52
121
15
232
107
169
251
60
126
130
143
179
199
232
40
184
88
229
188
135
244
52
121
15
232
107
169
251
60
126
130
143
179
167
160
162
225
99
150
242
31
208
209
228
63
161
174
167
236
241
250
10
62
207
31
160
162
225
99
148
107
121
49
208
214
100
150
146
147
247
77
119
191
103
143
208
83
13
164
71
248
69
97
90
151
57
189
26
156
135
158
61
156
167
248
79
229
80
253
138
111
238
183
229
94
144
108
226
63
194
63
42
79
177
67
253
213
252
171
130
88
11
187
220
238
142
58
202
214
60
227
236
83
127
117
191
42
62
197
55
247
91
242
175
71
251
20
63
221
95
202
143
177
67
253
209
249
84
255
0
103
121
149
253
161
228
121
199
216
166
254
235
126
84
191
98
155
251
173
249
87
163
125
138
31
238
175
229
71
216
161
254
234
254
84
127
103
121
135
246
135
145
192
37
156
160
125
211
249
85
168
173
100
12
62
83
93
176
179
136
127
8
252
169
194
214
33
252
34
186
41
225
57
108
115
212
197
115
92
230
22
221
241
208
210
249
15
232
107
168
251
60
126
130
151
236
241
250
10
244
17
192
209
203
121
15
232
104
242
31
208
215
83
246
120
253
5
31
103
79
65
69
194
199
45
228
63
161
163
200
127
67
93
79
217
227
244
20
125
158
63
65
69
194
199
45
228
63
161
163
200
127
67
93
79
217
227
244
20
125
157
61
5
23
11
28
183
144
254
134
143
33
253
13
117
63
103
143
208
81
246
116
244
20
92
44
114
222
67
250
26
60
135
244
53
212
253
158
63
65
71
217
227
244
20
92
44
115
176
194
225
199
7
173
116
112
130
16
125
40
16
160
61
5
74
6
56
20
0
180
81
69
33
133
20
81
64
5
20
81
64
31
255
212
247
26
40
162
128
10
40
162
128
10
40
162
128
10
40
162
128
10
40
162
128
10
40
162
128
10
40
162
128
10
40
162
128
10
40
162
128
10
40
162
128
10
40
162
128
10
40
162
128
10
40
162
128
10
40
162
128
10
40
162
128
10
40
162
128
10
40
162
128
10
40
162
128
10
40
162
128
10
40
162
128
10
40
162
128
10
40
162
128
10
40
162
128
10
40
162
128
63
255
213
247
26
40
162
128
10
40
162
128
10
40
162
128
10
40
162
128
10
40
162
128
10
40
162
128
10
40
162
128
10
40
162
128
10
40
162
128
10
40
162
128
10
40
162
128
10
40
162
128
10
40
162
128
10
40
162
128
10
40
162
128
10
40
162
128
10
40
162
128
10
40
162
128
10
40
162
128
10
40
162
128
10
40
162
128
10
40
162
128
10
40
162
128
10
40
162
128
63
255
214
247
26
40
162
128
10
40
162
128
10
40
162
128
10
40
162
128
10
40
162
128
10
40
162
128
10
40
162
128
10
40
162
128
10
40
162
128
10
40
162
128
10
40
162
128
10
40
162
128
10
40
162
128
10
40
162
128
10
40
162
128
10
40
162
128
10
40
162
128
10
40
162
128
10
40
162
128
10
40
162
128
10
40
162
128
10
40
162
128
10
40
162
128
10
40
162
128
63
255
217